59 59 59 59 59 59 59 59 59 59 59 59 59 59 59 59 59 59 59 59 59 59 59 59 59 59 59 59 59 59 59 59 59 59 59 59 59 59 59 59
63 97 97 97 97 97 97 97 97 97 97 97 97 97 97 97 97 97 97 97 97 97 97 97 97 97 97 97 97 97 97 97 97 97 97 97 97 97 97 63
63 97 97 97 97 97 97 97 97 97 97 97 97 97 97 97 97 97 97 97 97 97 97 97 97 97 97 97 97 97 97 97 97 97 97 97 97 97 97 63
63 97 97 97 97 97 97 97 97 97 97 97 97 97 97 97 97 97 97 97 97 97 97 97 97 97 97 97 97 97 97 97 97 97 97 97 97 97 97 63
63 97 97 97 97 97 97 97 97 97 97 97 97 97 97 97 97 97 97 97 97 97 97 97 97 97 97 97 97 97 97 97 97 97 97 97 97 97 97 63
63 97 97 28 20 20 20 44 20 20 20 44 20 20 20 44 20 20 20 58 58 20 20 20 44 20 20 20 44 20 20 20 44 20 20 20 32 97 97 63
63 97 97 24 38 2  43 24 38 2  43 24 38 2  43 24 0  0  0  0  0  0  0  0  24 38 2  43 24 38 2  43 24 38 2  43 24 97 97 63
63 97 97 24 42 2  50 24 42 2  50 24 42 2  50 24 0  0  0  0  0  0  0  0  24 42 2  50 24 42 2  50 24 42 2  50 24 97 97 63
63 97 97 24 22 58 22 52 22 58 22 52 22 58 22 40 0  0  0  0  0  0  0  0  36 22 58 22 52 22 58 22 52 22 58 22 24 97 97 63
63 97 97 24 0  0  0  0  0  0  0  0  0  0  0  0  0  0  0  0  0  0  0  0  0  0  0  0  0  0  0  0  0  0  0  0  24 97 97 63
63 97 97 24 0  0  0  0  0  0  0  0  0  0  0  0  0  0  0  0  0  0  0  0  0  0  0  0  0  0  0  0  0  0  0  0  24 97 97 63
63 97 97 24 0  0  0  0  0  0  0  0  0  0  0  0  0  0  0  0  0  0  0  0  0  0  0  0  0  0  0  0  0  0  0  0  24 97 97 63
63 97 97 56 20 20 20 32 0  0  0  0  0  0  0  0  0  0  0  0  0  0  0  0  0  0  0  0  0  0  0  0  28 20 20 20 48 97 97 63
63 97 97 24 38 2  43 24 0  0  0  0  0  0  0  0  0  0  0  0  0  0  0  0  0  0  0  0  0  0  0  0  24 38 2  43 24 97 97 63
63 97 97 24 42 2  50 24 0  0  0  0  0  0  0  0  0  0  0  0  0  0  0  0  0  0  0  0  0  0  0  0  24 42 2  50 24 97 97 63
63 97 97 24 22 58 22 40 0  0  0  0  0  0  0  0  0  0  0  0  0  0  0  0  0  0  0  0  0  0  0  0  36 22 58 22 24 97 97 63
63 97 97 24 0  0  0  0  0  0  0  0  0  0  0  0  0  0  0  0  0  0  0  0  0  0  0  0  0  0  0  0  0  0  0  0  24 97 97 63
63 97 97 24 0  0  0  0  0  0  0  0  0  0  0  0  0  0  0  0  0  0  0  0  0  0  0  0  0  0  0  0  0  0  0  0  24 97 97 63
63 97 97 24 0  0  0  0  0  0  0  0  0  0  0  0  0  0  0  0  0  0  0  0  0  0  0  0  0  0  0  0  0  0  0  0  24 97 97 63
63 97 97 24 0  0  0  0  0  0  0  0  0  0  0  0  0  0  0  0  0  0  0  0  0  0  0  0  0  0  0  0  0  0  0  0  24 97 97 63
63 97 97 24 0  0  0  0  0  0  0  0  0  0  0  0  0  0  0  0  0  0  0  0  0  0  0  0  0  0  0  0  0  0  0  0  24 97 97 63
63 97 97 24 0  0  0  0  0  0  0  0  0  0  0  0  0  0  0  0  0  0  0  0  0  0  0  0  0  0  0  0  0  0  0  0  24 97 97 63
63 97 97 24 20 20 20 20 20 20 58 20 20 20 20 20 20 32 0  0  0  0  28 20 20 58 20 20 44 20 20 20 58 20 20 20 24 97 97 63
63 97 97 24 4  4  4  4  4  4  4  4  4  4  4  4  4  24 0  0  0  0  24 8  8  8  8  8  24 2  2  2  2  2  2  2  24 97 97 63
63 97 97 24 4  54 54 54 4  4  4  4  4  54 54 54 4  24 0  0  0  0  24 8  64 24 64 8  24 2  91 2  91 2  91 2  24 97 97 63
63 97 97 24 4  4  4  4  4  4  4  4  4  4  4  4  4  24 0  0  0  0  24 8  64 24 64 8  24 2  2  2  2  2  2  2  24 97 97 63
63 97 97 24 4  4  4  4  4  4  4  4  4  54 54 54 4  24 0  0  0  0  24 8  64 24 64 8  24 2  91 2  91 2  91 2  24 97 97 63
63 97 97 56 20 95 99 99 99 32 4  4  4  4  4  4  4  24 0  0  0  0  24 8  64 24 64 8  24 2  2  2  2  2  2  2  24 97 97 63
63 97 97 24 46 4  4  4  4  24 4  4  4  54 54 54 4  24 0  0  0  0  24 8  64 24 64 8  24 2  91 2  91 2  91 2  24 97 97 63
63 97 97 24 4  4  4  4  4  58 4  4  4  4  4  4  4  24 0  0  0  0  24 8  8  8  8  8  24 2  2  2  2  2  2  2  24 97 97 63
63 97 97 36 20 20 20 20 20 20 20 20 20 20 20 20 20 52 20 58 58 20 52 20 20 20 20 20 52 20 20 20 20 20 20 20 40 97 97 63
63 97 97 97 97 97 97 97 97 97 97 97 97 97 97 97 97 97 97 97 97 97 97 97 97 97 97 97 97 97 97 97 97 97 97 97 97 97 97 63
63 97 97 97 97 97 97 97 97 97 97 97 97 97 97 97 97 97 97 97 97 97 97 97 97 97 97 97 97 97 97 97 97 97 97 97 97 97 97 63
63 97 97 97 97 97 97 97 97 97 97 97 97 97 97 97 97 97 97 97 97 97 97 97 97 97 97 97 97 97 97 97 97 97 97 97 97 97 97 63
63 97 97 97 97 97 97 97 97 97 97 97 97 97 97 97 97 97 97 97 97 97 97 97 97 97 97 97 97 97 97 97 97 97 97 97 97 97 97 63
59 59 59 59 59 59 59 59 59 59 59 59 59 59 59 59 59 59 59 59 59 59 59 59 59 59 59 59 59 59 59 59 59 59 59 59 59 59 59 59







